2.303865025345711581e-01 -2.404214863079147738e-02 2.875635640558604211e-01 -1.232522738021958192e-01 1.187176248243980436e-01 2.078234801696695819e-02 1.557859858649521256e-01 -6.206997622982272922e-02 2.305701024300386287e-02 -1.150966013358968865e-01 7.050416282009279445e-02 -6.648083095835795320e-02 -7.165854528667417456e-02 4.420150638189328240e-02 -9.667716291259774442e-02 8.968398540428250409e-02 -1.819782387743401619e-01 1.768008848650100273e-01 6.625009049231897484e-02 -8.732342898032814660e-02 2.292235470069848083e-02 1.246696522685866552e-02 -1.753622605472425766e-01 4.848746873474359814e-02 -9.030753203338771906e-02 -8.962414083615921623e-02 2.185497804113720882e-02 -2.780310827129222478e-02 9.213909035583432716e-02 -1.630071172419527425e-01 -2.479356870649870523e-02 2.665744368537243947e-01 -9.622290593853369267e-02 4.554132149588799305e-02 2.336097244798002528e-02 -1.210945156012916968e-01 -3.924126304650189800e-02 -7.489918420856832293e-02 8.199970332239395199e-02 1.024220852710241714e-01 -1.096181998281581110e-01 -9.136826720285870507e-02 6.211985125798203528e-02 -7.354268043662555432e-02 -1.200111193835402407e-01 1.476128680884853939e-01 7.616119748588108529e-02 9.263896468564856990e-02 5.676606611295416382e-02 -4.901168625704643150e-02 -4.351638369241299376e-02 4.435695827657595847e-02 -1.301228387702207667e-01 2.073249955652377019e-01 -3.096827514518208160e-02 -1.812227235805989045e-01 6.152583162855534971e-02 -6.313486457239428362e-02 -1.519162179812320324e-01 7.795908780161591410e-03 -1.039438142165032691e-01 -5.340607778736392031e-02 -1.042774655839137782e-01 8.803643427014762324e-02 3.581348400307957786e-02 6.246896590171831243e-02 -1.081536854622721644e-01 1.916962491691332482e-01 4.002417495492845145e-02 -2.786682349070227493e-01 4.638321898581500291e-02 1.224236976440548491e-01 2.774064303098567209e-03 -1.491740943328043190e-01 6.586759391034627265e-02 -1.070268026919849180e-01 7.367045444927837472e-02 -1.831757118576894661e-01 6.080353556938061788e-02 -5.342694874321343712e-02 2.752789275901525515e-02 4.545696994033147920e-02 1.355264853557352489e-01 -2.501125585722360767e-02 -2.349364614612297827e-02 -7.273867043264995585e-03 1.076307241004073323e-01 3.640464015470352283e-02 -1.101052543171480574e-01 -8.230512598976050254e-02 6.468241990587050849e-02 -1.370859939374141113e-02 -3.013512968031668016e-01 8.953143912404154178e-03 -3.246823944682603047e-02 1.971498276820779771e-01 -1.577066655665848235e-02 4.877761323471564020e-02 -1.532364725849473183e-02 3.501148732884242637e-02 -9.193994681154929807e-03 4.562043723823777652e-02 -1.394809899144244525e-01 -1.065186401967275209e-01 1.027460182030125874e-01 -8.432473115373037564e-02 -7.220252793443293626e-03 -1.463336202362827132e-01 -1.469817484969034582e-01 -1.333062721259890282e-01 2.857483853081229860e-02 8.339283143245385110e-02 -3.690163800184256132e-02 1.873139712201472296e-01 -8.884532832521895018e-02 -2.911748969913050683e-02 3.649143097727602231e-02 -2.192792528296792082e-02 9.648218646692670319e-02 -2.170754267324164974e-02 5.042331772957636682e-02 -2.146244923132719085e-01 -2.749498043870099440e-02
-2.404214863079147738e-02 1.296095189898733291e-01 -1.378926159831354581e-01 -4.375875859999448815e-03 -3.722890209712583637e-02 6.789057683831048462e-02 3.776285975370188147e-02 -6.933799862705181116e-02 -1.553251422692964456e-01 6.059395135412223160e-02 1.262117505578862035e-02 -6.867854308442758460e-02 -7.134516238576180114e-02 6.754953037810267069e-02 -6.573999215850548361e-02 2.963367282946433728e-02 1.271809260737095659e-01 3.867318538359927615e-02 -1.280919270785099984e-01 2.744131086328212288e-02 -1.406571199015337337e-01 1.693988577744375834e-01 -5.088516627382231455e-02 1.775493467093244848e-02 -3.644852268715451787e-02 -6.127997406809414238e-02 -1.599933180332274718e-02 9.888559638411979769e-02 5.833189445887807661e-02 1.157700809576506645e-01 -1.093904666035512285e-01 1.260619871442018591e-01 -1.048958539900907289e-01 -1.458710665233413362e-01 2.792008722138508009e-02 -4.196835683375784581e-02 -5.739874252467459803e-02 1.315083400805716896e-01 4.113169661483505324e-02 6.223782644699792782e-02 5.158265377957011594e-02 -1.333245891257957005e-01 4.598764467831029795e-02 -1.084903851121508077e-02 1.146284453586772917e-01 1.131974405970482545e-01 8.069900670801889719e-02 -1.183364045992503361e-01 3.124140724966206414e-02 2.210481734435703477e-02 -1.270981486726708264e-02 -8.908630670748386715e-02 2.656905800618106217e-02 -2.261035380985527699e-01 -9.750957716689170884e-03 -6.281362353727121262e-02 -1.349123290336882997e-01 2.136884606076753790e-01 3.443667573601102289e-02 -4.612893199860516186e-02 -1.574193131337514873e-01 5.175598189294725038e-02 -1.825360639341342892e-02 -8.636981881353939113e-05 -1.908005571802896261e-01 -3.076199604949475183e-02 -5.593896862057126662e-02 -4.009521323478328764e-02 7.666152596369521510e-02 1.468985080478493396e-02 -4.043665585877126434e-02 5.375938370513590192e-02 -2.961208968608086689e-01 -2.185283185841869688e-02 5.425530293429583345e-02 -1.394282054668475983e-02 -1.043642085997847913e-01 -3.863645697903630993e-02 -1.396496860745068402e-01 1.983826499777347971e-02 4.426414778825119023e-02 -7.022348928638609544e-02 -8.272020051247935823e-02 -6.743211362802546682e-02 -2.955410728337256460e-02 7.631085835794471084e-02 -3.709403069110738665e-02 -1.753465492463709974e-01 4.139990923763164909e-02 -4.772687492405843640e-02 5.831090747307859923e-02 6.513534590819843040e-02 -3.003751347599526930e-02 6.594505031055883371e-02 -4.468541570343110420e-02 -8.762232179009711575e-02 -4.733221324834552268e-02 -3.893239279159647903e-02 -1.890618211475203828e-02 -1.001593820357502412e-01 3.371903184222935917e-02 9.117675919052334321e-02 1.240045477307294280e-01 -2.297989934063095208e-02 -1.987373528496335501e-02 -5.972068104558961830e-03 -4.213157536549547860e-02 5.342671872604107253e-02 -1.311231930823453760e-02 4.627417656244323108e-02 -5.230583446569142536e-02 4.745685871361705194e-02 1.905247489510114300e-01 -7.620787897654594800e-02 1.504174834393866289e-02 8.771216505251892837e-02 3.407084548523838657e-02 -2.055980594035135625e-02 -1.250003628976224523e-01 5.206507480978284086e-03 -4.558002534308479986e-02 5.891565600429981425e-02 2.641836675859707273e-02
2.875635640558604211e-01 -1.378926159831354581e-01 7.769866760472942113e-01 2.074671274820785640e-03 -6.429875125120301793e-02 -1.112346359067974411e-01 1.375814527339330462e-01 -1.582757691887724805e-01 2.174567683277022212e-01 -3.041554102181506791e-01 1.305451048636801017e-02 9.646670166012785708e-02 -1.870939122534666377e-01 1.754550292811040413e-01 -3.650567411814608504e-02 -2.056176619431027142e-02 -2.499533934141359715e-01 1.960374684880363816e-01 2.118119210279993947e-01 -9.935742415557642648e-02 2.832889285668401258e-01 6.878832325992263741e-02 3.182370759704387930e-02 5.260901941038345631e-02 4.352262748589688646e-02 2.874594097227568534e-01 2.071773307999548799e-02 -9.033987381787307591e-02 8.687575721007587126e-02 -9.447956911130221680e-02 -4.769356491692978289e-02 3.437666866804883758e-01 6.802154547036043386e-02 2.131506235163510843e-01 2.795576029872096080e-01 4.242692778053940017e-02 -1.595404705094442821e-02 -3.358252235393773266e-01 -2.782363114228150747e-02 2.647672662857102344e-01 -3.581556980119246503e-01 -4.771378514560249001e-02 -1.315384583787297113e-01 -3.851241890978034793e-02 1.548933010638499641e-01 2.638480418316756504e-01 -2.116940887842041954e-03 2.938525228410898138e-01 4.659658268631565736e-01 8.427483453766695942e-02 -1.021030646440755467e-02 1.164753726603612455e-01 -2.305812564274596077e-01 8.285103834517826282e-02 -1.712012182402364857e-01 -1.721400760154628840e-01 1.236585695499598514e-01 -3.115059627097007122e-01 6.257097458246335675e-02 1.065108771166718843e-01 -1.717154865774467853e-01 -1.692918768838007071e-01 -2.263388872522392389e-02 -2.720446239095680729e-01 3.893697039347435163e-01 2.304816438459283690e-01 1.516631726801842828e-01 5.949666660198579260e-01 2.154227090934509592e-01 -2.191814205443190500e-01 7.541780301748275683e-02 3.892816505655682935e-01 4.481000808798463186e-01 5.950464868979206401e-02 1.225098794243571071e-01 -3.187876888536067543e-01 3.122560481595897941e-01 -3.439043710645228735e-01 4.724787526207994137e-01 2.542961456768451020e-02 -1.003098397647649576e-01 2.076681443122654347e-01 4.299781524548443312e-01 2.022769131105029983e-01 6.507440199289771243e-02 7.287595239865106433e-02 2.552437375735399638e-01 3.292964430582460134e-01 -4.020839536805357328e-01 -2.606185871265316312e-01 -6.172876597172131941e-02 -5.898420003823343083e-02 -2.950817071490829391e-01 -5.487923050887638654e-02 1.076217671492384932e-02 -1.559344758484859476e-02 1.523495299104138563e-02 2.026931817791712831e-01 4.243519193172591297e-01 -1.398169166985351874e-01 6.886521317943752885e-02 -2.220137234186004838e-01 -1.479059329879741924e-01 -3.597907357562736275e-01 2.716582738310169831e-01 -1.346198630334243806e-01 1.440802755906310240e-01 -1.194811604529857629e-01 -6.567292632518843820e-02 -3.326811872261555281e-01 4.116951533751207759e-02 3.025156192068131356e-01 -8.013364543701489984e-02 3.412183714332340245e-01 -2.048501392050568193e-01 -4.839201452159309219e-02 1.243418349784151250e-01 9.745187428033182109e-02 2.438146132271079014e-01 -7.281620377408581923e-02 -6.676531393766169109e-02 -2.830529972902850466e-01 -1.106446651718888535e-01
-1.232522738021958192e-01 -4.375875859999448815e-03 2.074671274820785640e-03 1.494631329338942383e-01 -1.674715692997933714e-01 -4.264499303643438238e-02 -1.305324597928403940e-01 -5.402042924210229136e-02 7.562545087128209886e-02 -4.677607978350375312e-02 -7.261940436611193095e-02 1.160122627274992463e-01 4.243315434944940762e-02 1.301805112984722422e-02 4.248196171704607393e-02 -1.438541424384956469e-01 1.328109045054858828e-01 -6.276997014390547913e-02 1.140938468390714951e-02 4.693528600999354733e-02 -5.714181462266161582e-03 5.276234862146999410e-02 1.154065272470440606e-01 3.392151229589198541e-02 1.230400645065274495e-01 2.914032901731773983e-01 -1.136421008469658440e-02 -3.642988068603236068e-02 2.368261991123631061e-02 1.880324877990909305e-01 -7.294437430715737525e-02 -1.201394736594926793e-01 3.807671121657493080e-02 2.497959768049021548e-02 8.367703444475629859e-02 1.487375631579587187e-01 3.829615619773427820e-02 4.325619976956424084e-02 -5.923895388349318530e-02 -6.453879729311302361e-03 -5.438446907391998597e-02 4.415730920803812715e-02 -9.690479393579438938e-02 5.602516732439376257e-02 1.975411977164707733e-01 -2.112642914070755537e-02 -7.657062289562038826e-02 1.248804916973884037e-02 1.053076353905850887e-01 8.943112874362051101e-02 1.861405296913166973e-02 -3.818807617887469419e-02 7.719665722756055559e-02 -2.408605785742455319e-01 -4.086056499432499239e-02 1.035951225512505292e-01 -2.962170026133597103e-02 -9.444741650669503941e-03 2.074557595078113659e-01 2.592422457471365779e-02 3.990955800164317641e-03 -8.964536467313205872e-03 6.778268208446758258e-02 -1.947975814291345864e-01 8.642286302627188999e-02 -2.710021462764823381e-03 1.855312676676384998e-01 1.020368741575862492e-01 4.556030106475698199e-02 2.184223954729788142e-01 7.617757820063920937e-02 3.632435862774149871e-02 1.174503657889850311e-01 1.671283937777920114e-01 -2.327545973694662707e-02 -7.028563274729950072e-02 8.574796399653944468e-02 1.721812467807395247e-02 1.287456469941337944e-01 3.145674079610919632e-02 -9.430441208057109559e-02 -2.314076011943365374e-02 3.155268374594769054e-02 5.192219815951517464e-02 2.376994914016034369e-02 1.694983982537138362e-02 -4.049586601159586852e-02 2.016189636717811290e-02 -5.805613436757419560e-02 -1.062183020585002607e-01 7.222720704356659117e-03 -1.872857738256473656e-02 2.038688819416291376e-01 -1.197847317102007821e-02 -5.839110763286707584e-02 -1.957652597633906533e-01 -6.767282313034285891e-04 -2.995191871281497817e-02 1.678928031028669166e-01 -6.392426156846972574e-02 2.853013702357381359e-02 -1.301600053260683898e-01 7.860498320196961097e-02 -6.683729893756389095e-02 2.394358463866316095e-02 4.348025022359051917e-02 7.931184770771698700e-02 1.007797714103348397e-01 8.812203810678498339e-02 -2.611494850657337941e-02 1.786151926425755048e-03 7.141380226462284986e-02 3.874910603501363626e-02 -6.732667422790461487e-02 -1.721593658160103582e-02 1.122697063627566862e-02 5.177056980558803617e-02 6.331727438910142274e-03 -4.422505169032331374e-02 -1.473906078520849719e-02 -1.254234400051358611e-01 5.122245808658737465e-02 -3.370484087845238702e-02
1.187176248243980436e-01 -3.722890209712583637e-02 -6.429875125120301793e-02 -1.674715692997933714e-01 2.350723485982392502e-01 4.898924101358544808e-02 8.854780181517236948e-02 9.749911001131730814e-02 -1.337651973559962799e-02 3.215852571871816862e-02 7.612566615416471727e-02 -1.082743677883171995e-01 7.604340935145360858e-02 -1.111793540555588711e-01 -4.039932378645866295e-02 1.245487834191864318e-01 -1.706160666424637040e-01 5.375914293266165211e-02 3.308959562162509804e-02 -6.404679071033264615e-02 -3.705622440328053269e-02 -1.676868206269473416e-01 -1.920752765212857816e-01 -5.761414866698050426e-03 -1.270251620536544113e-01 -3.023112208060019235e-01 2.498754773529026155e-02 -3.613600702542179438e-02 -8.588925437802923113e-03 -2.508378124410153287e-01 1.056258095950016046e-01 1.155818563644641674e-02 -7.063981280100613269e-02 2.042613310618904623e-02 -1.854684753389298502e-01 -1.610571934773777081e-01 1.274736729039433857e-04 1.071688925938945290e-02 8.630926070043748455e-02 -9.503808727885226793e-02 7.791487893340864890e-02 2.023709003089878278e-02 1.348960223286605198e-01 -6.049561786285333198e-02 -3.548539613983869856e-01 -8.210999750726488688e-02 4.207814616030071397e-02 4.311368591638944751e-03 -2.695403710595684621e-01 -1.418031189095936839e-01 -3.396684433190434033e-02 5.358692997839381578e-02 -3.934376234146829548e-02 3.988221388558064184e-01 8.836983303094438080e-02 -6.714045811703604760e-02 9.732659532311908890e-02 -3.525491664564493061e-02 -2.775899504183794719e-01 -2.844394206284812238e-02 1.098030433223594754e-01 1.002512183082823402e-02 -9.860151871685546299e-02 3.064650474857530948e-01 -7.789742916129617500e-02 -4.819838059886839138e-02 -2.128347519490251805e-01 -1.568142623516127765e-01 -1.553475509387186593e-01 -2.293842772697803067e-01 8.223090093547389193e-03 -1.545243452698753794e-01 -7.766593941528461553e-02 -2.193829598421075666e-01 -3.782532554203022618e-02 1.104688376042568393e-01 -5.833445731748047869e-02 3.989242748946089656e-02 -1.517915331955857761e-01 -9.230803033100011545e-02 8.274370489665855422e-02 -1.671585910490504256e-02 -6.391373277385953289e-02 -1.092727256264181962e-01 -4.701176108435649315e-02 -1.105703853275170206e-01 -1.148029416214744374e-03 -3.305792727580898066e-02 1.115079227177219329e-01 1.372315067222847351e-01 5.544684125716201756e-02 -2.115958345032981427e-02 -1.707295539026495168e-01 -3.654450510896382984e-03 1.225029004617038918e-02 3.306039471638929084e-01 1.022239540891601434e-02 -3.124878978916439606e-02 -3.001307262087619665e-01 2.091391166701738746e-01 -8.266018803803180937e-02 1.483336607455150169e-01 -1.682592855359979211e-01 1.402975062897179603e-01 -4.822432444137683683e-02 -1.510982311685611645e-02 -8.478970848994657472e-02 -1.469545929608298829e-01 -1.262822270012152193e-01 3.457969474773526369e-02 4.222991397353525328e-02 -1.494084526417740200e-01 -1.415134666887137016e-01 6.530475810227300004e-02 2.473358779281451675e-02 -6.849917579604630768e-02 -7.683513700530821000e-02 -6.537226436124247975e-02 5.974363799663064828e-02 2.142357386345343853e-02 1.614224175789808480e-01 -1.086268521919257490e-01 2.803457647304473735e-02
2.078234801696695819e-02 6.789057683831048462e-02 -1.112346359067974411e-01 -4.264499303643438238e-02 4.898924101358544808e-02 6.570480663783175024e-02 2.613598462376756637e-02 -3.292266613217092325e-02 -7.206334993535615241e-02 1.575140119307117531e-02 2.706799851713680496e-02 -6.335542717368589094e-02 2.665806099071586083e-02 -1.802878642466404155e-02 -7.149209091317360043e-02 2.570965174552056892e-02 3.851911422219795461e-02 5.868802585558267199e-02 -5.604140525623429320e-02 -8.517123654764391719e-03 -1.482898735611452579e-01 4.623662435895564693e-02 -1.406732878049694602e-01 4.779579883850613997e-02 -5.108290326782397722e-02 -7.742792066722524458e-02 2.415670079036822196e-03 1.561793282780949733e-02 7.890740310837771054e-02 1.165908087751263769e-02 -6.803923484669716082e-02 6.476041337298117651e-02 -1.330567209158870223e-01 -7.403638310289265001e-02 -5.801602049677992423e-02 -6.863443490288251292e-02 -2.288335073880336593e-02 1.400730652646125229e-01 7.277752378099040798e-02 -1.398470709048763201e-02 4.144247706908072565e-02 -7.410354153139447897e-02 8.216766938585939872e-02 -2.699134209664721951e-02 -6.052846875597347326e-02 3.557037282162053837e-02 5.267169731598867616e-02 -6.616158363640668727e-02 -1.013664116803034837e-01 -3.523191221173299637e-02 -3.188283428558946753e-02 -5.238369466776914701e-02 2.874396900278976610e-02 -1.454751414187600150e-02 2.592307462366675100e-02 -5.648669722685357997e-02 -4.307120029523188454e-02 1.275045292963552790e-01 -5.986402304885388159e-02 -3.890061006180041414e-02 -5.493822880257230590e-02 3.352388092102116801e-02 -6.125472491289758736e-02 1.109800599488177525e-01 -1.442584617200547703e-01 -5.630448835243286737e-02 -9.034797668399932591e-02 -4.236296143691303806e-02 -2.106876715152390320e-02 -5.094158688134408502e-02 4.642637239339313104e-02 -3.122970850287746375e-02 -2.117380723354253258e-01 -9.098551299919785396e-02 6.328789171321303093e-03 1.589459125949876711e-03 -4.931795866317705002e-02 -1.939205451113467857e-02 -1.235676418385446562e-01 -4.508747800898017105e-02 3.234545587662506633e-02 -8.303063610171274034e-02 -6.970183223196495248e-02 -1.090751646961802407e-01 -4.863322625145044542e-02 -1.688371683830222972e-02 -4.502443181304428832e-02 -1.493328259563988514e-01 5.808413063224154849e-02 -2.937712017611406393e-02 1.136329862877277636e-01 1.783408622454435780e-02 -5.531713459672336214e-02 4.329839647683656617e-02 -8.217570519304162602e-02 7.892789537466340932e-02 -3.429046193637586698e-02 -7.438592682144520851e-02 -1.299970561515079170e-01 4.589234878098281262e-02 -1.936379418911483505e-02 9.980759116899742822e-02 4.686982895498942379e-04 2.219627175062758098e-02 -1.708093731539145690e-02 2.617667445036882951e-03 -4.098891782327526712e-02 -2.283216843862527490e-02 -7.142429358496756031e-02 1.977239460534216398e-02 -8.361737991589334243e-04 -1.017062973371332495e-02 6.446620256826718354e-02 -2.872856592658291908e-02 1.646604202399459252e-03 1.895148544020803724e-02 1.421381561696470619e-02 -7.099373188565975823e-02 -7.201175159322083241e-02 5.756495462530223685e-03 2.252942141458845905e-03 -4.091179666912909269e-02 1.184598062550121580e-02
1.557859858649521256e-01 3.776285975370188147e-02 1.375814527339330462e-01 -1.305324597928403940e-01 8.854780181517236948e-02 2.613598462376756637e-02 1.901225084238974128e-01 -8.554376513465121804e-03 -1.244711513135303704e-01 3.465453859635981432e-02 7.054619387841774836e-02 -1.165426338183039867e-01 -1.895406195312439868e-01 1.106483023113283143e-01 -4.908590337619916227e-02 1.638543734093849125e-01 -1.148696254410541129e-01 9.182489064399229628e-02 -4.094897794385742723e-02 -3.775268541191025701e-02 7.750851968045474605e-02 7.981629139471438372e-02 -3.037650668745242935e-02 -5.944914829831225711e-02 -1.155833189176368458e-01 -2.544193081493179576e-01 -1.548077428209262670e-03 1.077300370987347294e-01 -3.133064097051413421e-02 -1.286494870987114625e-01 3.223662582743222482e-02 2.723155604418754372e-01 2.402356142750741805e-03 -5.562582676737932996e-02 5.303112818481285629e-02 -1.325339845358576296e-01 -8.224080194783796316e-02 -1.324531140539334517e-01 2.797453718608766682e-02 1.422372062457603614e-01 -4.263159290928378482e-03 -1.200743469657205853e-01 4.421053015553345206e-02 -5.521902535343664598e-02 -1.213564368717254954e-02 1.593107404035560837e-01 1.149712320560480755e-01 -4.130788406010566134e-03 1.166805412854074464e-01 -2.489046945359064608e-02 -3.161579971732139498e-03 3.180711920539662507e-02 -1.401931339931342113e-01 7.635194327137276304e-02 -2.676222825070383518e-02 -1.605867868971200818e-01 -3.329326689103730835e-02 3.062350482025861728e-02 -1.261774883139575587e-01 -1.370233309236646574e-02 -1.452583090988090742e-01 -7.651809556422951852e-03 -3.704361793093836203e-02 4.893474485824286097e-02 -6.115734285120256325e-02 7.943535876535337548e-02 -1.430601507476252365e-01 1.280501939891794463e-02 9.442878623338543664e-02 -2.282466955887608173e-01 -1.613197332003969420e-01 1.290705528955424786e-01 -1.217423969879476292e-01 -1.059002401082392159e-01 1.017936328348702790e-01 -3.277303613462539955e-03 -8.737411493486252345e-02 -1.122009961371024794e-01 -6.106472472996138379e-02 3.696542148443459491e-02 9.825597347473066789e-02 8.541992664827541271e-02 4.326668587529163695e-02 2.846562154330602168e-02 7.169239975316340704e-03 9.214395041782932894e-02 1.096477708006044355e-01 2.312169426028027816e-02 -3.727645337399088793e-02 4.793934154580667406e-02 -8.044619844976523548e-02 5.714181201635384899e-02 -2.690806999548645551e-01 2.446168705588491754e-02 1.092610349669126124e-01 4.819158960822407523e-02 -8.710134722795687470e-03 1.152530847359585359e-01 1.464051201286572026e-02 -1.074541595846524866e-01 3.687872440424426468e-02 9.100269270394678589e-02 5.450895481258048042e-03 -4.679512757690237890e-02 2.779732853351930821e-02 -8.726994534428465788e-02 -6.054718115015793323e-02 -6.200066282907939347e-02 -5.355161655153693051e-02 -1.398178944491727110e-02 -4.614644561290311142e-02 4.193478076315441949e-02 6.682182186130548873e-02 1.014058805603394314e-01 -1.010577194285894494e-02 4.711800033932413839e-02 -1.272411344387133249e-02 6.666284202658180613e-02 4.944277937975587178e-02 7.190054894049762802e-04 8.022887250004157034e-02 -1.546723150075914044e-02 2.980615482105141920e-02
-6.206997622982272922e-02 -6.933799862705181116e-02 -1.582757691887724805e-01 -5.402042924210229136e-02 9.749911001131730814e-02 -3.292266613217092325e-02 -8.554376513465121804e-03 1.865282426977160624e-01 -1.341600473607233550e-02 1.418523316185779926e-01 7.150800203960627592e-03 -2.338228438111390750e-02 2.764978312605438984e-02 -8.009628582543734665e-02 1.110938669456823652e-01 7.910206046129433788e-02 -8.125913339649651346e-02 -1.429222847824390963e-01 9.783691894559857355e-03 1.558148580902607439e-02 1.392153398718788959e-01 -1.878096947010675366e-01 1.258197869427265525e-01 -1.321452498505932827e-01 -3.116719963956288489e-02 -2.352028700582921850e-01 -5.928047519621569821e-04 2.436128087254997229e-02 -1.986112352423773375e-01 -1.539927139510610388e-01 2.149357348414792923e-01 -1.955116335162968288e-01 1.722219090447155987e-01 3.074814131181727653e-02 -1.139234146535494929e-01 -2.247614245799871291e-02 2.590686827757401889e-02 -1.299553083260018838e-01 -6.357661923006326099e-02 -1.113603710874308539e-01 1.347901042347570133e-01 1.348211917576248586e-01 -2.328855946513143317e-04 1.777291104105108849e-02 -1.641934732324766832e-01 -1.893263362960058427e-01 -3.887794830197982554e-02 -1.584755675067423333e-02 -1.511444624122762759e-01 -6.165885619621089969e-02 4.310786318894921365e-02 8.005531124102209517e-02 -6.256090545453622115e-03 2.326315456701344153e-01 7.482982121919502794e-02 1.005988858673205200e-01 6.559795401688381378e-02 -9.765801043978603047e-02 -1.113474961473752134e-01 1.230938046099927475e-03 2.009599650228968970e-01 2.165775237279888091e-02 5.675004354663709671e-02 1.104484701319367324e-01 1.968784921770045868e-02 -9.673332198976935387e-03 -6.606353775747660084e-02 -2.859651524108446363e-01 -1.226422808915203222e-01 2.470301661310684432e-03 -1.615598230940883673e-01 -1.753448662487264442e-01 9.821833300951034185e-02 -1.472104035889732626e-02 -6.120526701233438421e-02 2.075935015822307217e-01 -1.140292447259012160e-01 1.871550734290820805e-01 -9.842776347891415978e-02 2.928563566839460786e-02 6.231733966048737944e-02 6.916475547993559958e-02 -9.793671530897241073e-02 5.122809153298241158e-02 3.401048706397875876e-02 -3.897942254808283574e-02 -6.952499494759855486e-03 1.062630310257193650e-01 1.344038547469303679e-01 2.664214185141411950e-01 -1.704506615282259663e-01 -4.404179804595200181e-04 6.726654263034698156e-02 -4.838951174537881733e-02 1.830195415547332949e-01 6.192390435004457155e-02 5.870948543160611072e-02 5.608337614965559770e-02 -1.255325615785635174e-01 6.821525471704030508e-02 -3.270229446567390896e-02 3.087208686542492961e-02 -2.404778104233545530e-02 1.934920132824866079e-01 -1.153620185312998064e-01 2.506719822473769954e-02 -5.747138217919652015e-02 -2.138929916048634434e-03 7.532479043878441416e-02 1.353881831843645467e-01 -7.315803889139360291e-03 -1.950573504403642355e-01 -1.402671669027717727e-01 -4.222311647336136897e-02 1.040922752786050537e-01 -3.680100408704246179e-02 -1.309372069465266908e-01 6.633348705163807923e-02 6.461067239479120761e-02 3.585471683474941024e-02 1.404212675832739732e-01 1.423571219379357877e-01 5.447769037562462391e-02
2.305701024300386287e-02 -1.553251422692964456e-01 2.174567683277022212e-01 7.562545087128209886e-02 -1.337651973559962799e-02 -7.206334993535615241e-02 -1.244711513135303704e-01 -1.341600473607233550e-02 2.838270630719053056e-01 -1.959121882671972514e-01 -4.221423206431777070e-02 1.474037354623023433e-01 1.925417941916035547e-01 -1.165151558431290202e-01 2.663297075198811648e-02 -1.549163678020010759e-01 -9.374582554438987136e-02 1.416196489746589064e-02 1.968337410115903463e-01 -4.332017001019074914e-02 4.426101757171784640e-02 -1.749626189896432982e-01 -4.726590867617347369e-02 1.002405575564119800e-01 1.042523860011015241e-01 3.184029450494090807e-01 2.862273998210454473e-02 -2.166084318565137667e-01 7.732251252562882815e-02 -3.626436419129666633e-02 1.685598459934133054e-03 -1.703026863463753260e-01 3.014326476384064472e-03 2.109129197652198362e-01 -2.440218812511420546e-02 1.068593771506245321e-01 1.025385802358195764e-01 -1.575388937008802628e-02 -6.122816872637728246e-03 -9.954410538088888372e-02 -1.483204048830199795e-01 1.521473075830354627e-01 -5.608286215819030529e-02 1.735807620632895745e-02 -1.104505843672863308e-01 -1.192382273548398403e-01 -1.327857361863496455e-01 1.765548738465138323e-01 -5.354123249307701782e-02 -4.155220259262002759e-03 -1.942470430825990468e-02 5.972126118898592878e-02 3.199126683338245070e-02 1.903191886462226035e-01 -7.249217362736497597e-03 8.197920206055883674e-02 1.761543075040949702e-01 -2.459773651709500908e-01 3.729765260261666548e-02 6.313714481667971612e-02 1.702414970197774213e-01 -8.030813665780697774e-02 -1.830515331834674589e-02 -3.740751533279663976e-02 2.616910440954083872e-01 -2.571888474833728799e-03 1.514354400740927920e-01 2.196205013262299000e-01 -9.968727435662684544e-02 4.582593475291898977e-02 2.568598974582768091e-01 -4.814041100070855228e-02 3.808231502110539513e-01 4.715608203176050589e-02 -9.122292681888680144e-02 -1.043231401948282455e-01 2.573661651043366860e-01 -1.494721741792061527e-02 2.603524090176821404e-01 -8.761399715383984266e-02 -1.381223576808665865e-01 -1.434417111036251271e-03 1.473492698957478697e-01 1.679607743540055542e-02 1.983796988663098348e-03 -1.483913728363788487e-01 -1.159280459052601216e-03 1.444858158740226217e-01 -1.096496473223522589e-01 -1.209960323696931683e-01 9.654621920083439335e-02 -1.230894653871027200e-01 9.445682691543218212e-02 -6.895679488842784699e-02 -1.242989228487225567e-01 1.230718824541462142e-01 2.933396699382874104e-02 -5.349771745809084322e-02 4.277871587288239325e-02 1.895674029364326496e-01 -5.986630791317468225e-02 -1.616047355164797750e-01 -1.922727080452953652e-01 -5.274737178895184259e-02 8.525723045099166397e-02 3.196728070930206222e-02 1.117619226448961500e-01 -7.181084676897837860e-02 -3.624583943348300141e-02 -1.459621415144376488e-01 1.100345947844932060e-01 2.086512729485844389e-02 -2.256364812869046665e-01 9.663016651878519880e-02 -8.483646716406768873e-02 -1.330534157016431407e-01 3.726249546969479659e-02 -6.839030251516360626e-02 1.122492483620246700e-01 -2.859760452599462155e-02 -4.467740177031472026e-02 -1.989447565380828842e-01 -8.464134226660803562e-02
-1.150966013358968865e-01 6.059395135412223160e-02 -3.041554102181506791e-01 -4.677607978350375312e-02 3.215852571871816862e-02 1.575140119307117531e-02 3.465453859635981432e-02 1.418523316185779926e-01 -1.959121882671972514e-01 2.451128038016504584e-01 1.134975242889670922e-02 -8.861093589640799129e-02 -9.589211590813055686e-02 1.951959244552840117e-02 8.236334048486992909e-02 1.254236806335640164e-01 5.636691960129123352e-02 -1.483679073996450326e-01 -1.366777554559861774e-01 6.194080838401403583e-02 6.474488239635424469e-02 -5.461061792314987617e-03 1.683527357544539749e-01 -1.647961947543103711e-01 -5.965688299591685034e-02 -3.238914694074244705e-01 -2.538778853274751418e-02 1.649025157338830372e-01 -2.044978306232410614e-01 -2.825969384949035199e-02 1.430635683173395456e-01 -8.117510095241170509e-02 1.416404125708908279e-01 -1.260600921261420537e-01 -5.285936619101334194e-02 -4.627057120780721927e-02 -4.007842849752171754e-02 -6.377993023501880854e-02 -6.350923948112334461e-02 -2.633815218357976953e-02 2.049304520369097937e-01 1.192321146828015203e-02 1.247576723848024816e-02 2.115707648868166840e-02 1.150699554213502514e-02 -7.752461154515426223e-02 3.965119074350689082e-02 -1.444983512572686757e-01 -6.012038159193420356e-02 -1.823809891067658395e-02 5.381253507685287985e-02 2.797560430096283825e-03 5.598920540430520065e-03 -3.796566287650440102e-02 5.559550243781288120e-02 5.942122679837807953e-02 -8.911703995380769461e-02 1.077327064621592667e-01 -4.676522209431076271e-02 -3.929698163565430169e-02 4.126708313638550313e-02 7.706736805463255957e-02 8.022907467872389398e-02 5.747795710060818464e-02 -1.567196455513579778e-01 -1.443132144175144314e-02 -1.035587622163678528e-01 -3.655512658627568245e-01 -1.614881629079118960e-02 4.864820280657150553e-02 -2.864800016894422097e-01 -1.028778926756086648e-01 -1.728034008409042310e-01 7.928667630733486626e-03 5.921299843920677791e-03 2.233346122841571024e-01 -2.549172017427839276e-01 1.732665866382755437e-01 -2.362503359531578917e-01 9.488388682623855042e-02 1.194571113492618464e-01 3.993992666337465441e-02 -1.856371538037261404e-01 3.792456340707362622e-02 3.057180133185613546e-02 7.900918806874807077e-02 -2.663698803000320164e-02 -2.553890693069549300e-02 1.772611469369193560e-01 2.670479080645047354e-01 -1.967579159207185069e-01 8.354118544085739617e-02 6.191117324907117331e-02 9.720459380896049814e-03 2.112260596320353900e-01 -1.040232348366150611e-01 2.380622525909682416e-02 6.495847921983895212e-02 -8.709362130543646385e-02 -9.898953101005261712e-02 2.451288952203174026e-02 1.042023294192798294e-01 1.498501052360034780e-01 1.780453671971395924e-01 -1.518376160304655276e-01 1.551208895883650005e-02 -1.032831903278590424e-01 8.701899428760029309e-02 1.156444492929490642e-01 2.121587171478909184e-01 -8.519640296096434029e-02 -1.529886356067924058e-01 6.812346184257077331e-02 -1.357217970140127961e-01 1.427320859491786886e-01 7.198427759850335728e-02 -1.153783624236034006e-01 9.912009403441533750e-02 -5.309382652016194498e-02 4.589030956801153777e-02 1.017841707625944392e-01 2.792656734774567884e-01 9.545819034626529254e-02
7.050416282009279445e-02 1.262117505578862035e-02 1.305451048636801017e-02 -7.261940436611193095e-02 7.612566615416471727e-02 2.706799851713680496e-02 7.054619387841774836e-02 7.150800203960627592e-03 -4.221423206431777070e-02 1.134975242889670922e-02 3.752952325948097356e-02 -5.989370059615738151e-02 -2.796495693695581763e-02 3.990980443983906806e-03 -3.507853080277098523e-02 6.807006895080870701e-02 -5.811518667135204264e-02 4.849806522070551629e-02 -1.018234655158585175e-02 -2.541562408473701379e-02 -1.375466198491940954e-02 -3.426481488926149885e-03 -7.355380047927079223e-02 -4.140070200642026466e-03 -6.196334843949721782e-02 -1.296102187971163444e-01 5.519399604148766091e-03 1.950068792163033027e-02 9.062022869121996033e-03 -7.950376011478633986e-02 1.343458011477658039e-02 8.696341279420005677e-02 -3.946503635660172232e-02 -1.982939129414733326e-02 -3.032848927487654181e-02 -7.633570034605621779e-02 -2.437908126649484739e-02 -7.188381040118616526e-03 3.811048745192496118e-02 1.733628650866089055e-02 1.542207537793356328e-02 -4.054431048715993052e-02 5.129836070271591442e-02 -3.135122851679436606e-02 -8.234064041683486490e-02 3.412611640881269004e-02 4.620366168615951813e-02 -7.579424615922103654e-03 -3.702282034150196355e-02 -3.942601621577720983e-02 -1.426856617026679361e-02 9.729626973223170355e-03 -3.969092071382852166e-02 9.566063503186940375e-02 1.294175864220670040e-02 -6.635973601819805667e-02 5.153773837208056735e-03 1.998030743487809804e-02 -9.567563169944698354e-02 -1.463989725091315725e-02 -2.739425698203858117e-02 3.535426399723074018e-03 -4.136214027211593952e-02 8.936196115848921151e-02 -5.138006863340483649e-02 2.375796376190903413e-03 -9.124076984290295511e-02 -2.422504364018854967e-02 -8.352515769596627337e-03 -1.142414742732856814e-01 -2.513039693816007322e-02 1.529200645138242614e-03 -7.827942043233665492e-02 -8.587517510309933266e-02 2.034402059813795668e-02 1.469939341496524950e-02 -3.569214210244622126e-02 -2.975402970288531027e-02 -5.996040197040176933e-02 -1.835699757600850468e-02 4.405269582384498811e-02 4.014561220002334750e-03 -7.797607646767038166e-03 -3.319754188667245476e-02 -1.629222526329675638e-02 -2.169001398791477967e-03 2.164888272058756655e-02 -2.499815336502253862e-02 1.681854809175251791e-02 2.687539512568058384e-02 1.422402590073831505e-02 1.168759211401386965e-02 -1.147376750704805909e-01 1.281358121955843837e-02 1.137698605629141810e-02 9.275976596421366127e-02 -6.785141437986206073e-03 9.834055600545944104e-03 -7.386840754959876632e-02 2.266128903501415243e-02 -1.023780908349865293e-02 6.669724948832037037e-02 -3.505605228029799736e-02 1.376064495675780736e-02 -8.031589742698197650e-04 -2.581669834959695459e-02 -3.645069312335853101e-02 -5.091339886845460544e-02 -5.373367004201135694e-02 6.191476699601409801e-04 -1.795626611013550556e-03 -1.543270873754414366e-02 -6.794228181244005293e-04 3.804760093046234692e-02 -1.463843839010932390e-03 4.121417267714610837e-04 -1.264417651095786459e-02 -9.870467746217947633e-03 1.373015707252063511e-02 4.062241195558567025e-03 4.988323935592513247e-02 -3.956828594846331648e-02 1.267096415406930576e-02
-6.648083095835795320e-02 -6.867854308442758460e-02 9.646670166012785708e-02 1.160122627274992463e-01 -1.082743677883171995e-01 -6.335542717368589094e-02 -1.165426338183039867e-01 -2.338228438111390750e-02 1.474037354623023433e-01 -8.861093589640799129e-02 -5.989370059615738151e-02 1.254437260989970382e-01 7.494985308578164251e-02 -2.412817176683398554e-02 5.153811645788705653e-02 -1.323701310509940166e-01 3.304121402641857497e-02 -4.695384994785278820e-02 8.155231645133952101e-02 1.488173840927469252e-02 5.154881794763617464e-02 -3.840216683313581181e-02 8.773267691270543456e-02 3.524480928132937840e-02 1.127414868450922480e-01 2.758625223803208848e-01 1.857261457630363100e-03 -9.008082382938525923e-02 1.374165657298818087e-02 8.754274316049104332e-02 -1.941235891854613607e-02 -1.366562264006093153e-01 5.903699802503062366e-02 9.829887520537335110e-02 5.322403496440294979e-02 1.324137293146191718e-01 5.862721251172261366e-02 -2.001696231010568344e-02 -5.445183357685567244e-02 -3.092603201980974326e-02 -8.526057192910499460e-02 9.163293995680342474e-02 -9.238925869097430743e-02 4.338960830236184008e-02 8.958446680033317622e-02 -5.894956885038427075e-02 -9.696007318890977056e-02 7.850949936432340126e-02 6.763826587024537873e-02 5.675930537176682167e-02 1.320464385437932625e-02 1.209585314529784510e-02 4.417020728788959710e-02 -6.808725048275912628e-02 -3.104677475481620527e-02 9.772443625057897210e-02 4.968388878648719031e-02 -1.154636394625364049e-01 1.402959099678098287e-01 4.399406685152396079e-02 7.046657393539478009e-02 -3.833173428140924238e-02 4.850247135426319356e-02 -1.472535858482042492e-01 1.663493968643731391e-01 1.291100240079692298e-02 1.717117730255185160e-01 1.322434675977147700e-01 -6.733942190606742335e-04 1.473077377066818183e-01 1.063134130492604940e-01 1.237173790332134725e-02 2.385224848352139049e-01 1.303679632381699594e-01 -4.272819831100532761e-02 -6.921487520594213350e-02 1.379787991600799346e-01 1.146907067923149184e-02 1.826378735912282947e-01 2.900558579835538654e-03 -1.020533409593339103e-01 9.889101851776372493e-03 8.039295785167789588e-02 6.344608311931101974e-02 2.702906796585001145e-02 -3.171564449743982661e-02 -1.036784120372317118e-02 9.633283332119926823e-02 -7.997956714176304716e-02 -8.514960297575484283e-02 1.401413587600792467e-03 -5.263956700406874356e-02 1.558388261264432029e-01 -3.967243895313059959e-02 -4.629469845866854283e-02 -9.048599608290430751e-02 1.829276648028475144e-02 -1.216021369993909931e-02 1.392125808792665509e-01 1.093345819413286610e-02 2.350175093523259370e-03 -1.473343385824983920e-01 -1.596212154319686174e-02 -5.727349022994897981e-02 4.290539842349638811e-02 3.301754509442129948e-02 8.818207053542621854e-02 3.939811128773171300e-02 5.704582962977113730e-02 -6.320047999990580090e-02 3.472642801499306597e-02 4.678097719373831842e-02 -6.612416213040982205e-02 1.216751036624281725e-04 -3.499745362969840234e-02 -3.985622583574061073e-02 3.489762575151471313e-02 2.303812936549357732e-03 3.002466611291556425e-02 -1.808957475571591755e-02 -8.185057091270322993e-02 -2.056655498999023640e-02 -4.708208035727725477e-02
